a0 =  3.9500
Z_star        = 9.956
epsilon_inf   = 5.24
DDB_a = -1.947579
DDB_b =  4.014886
DDB_c =  0.013553
DDB_d =  0.416356
DDB_e = -0.103277
DDB_f =  0.643472 
DDB_g =  0.994773
