Lx          =   64
Ly          =   64
Lz          =   64
mass_dipo   =     0.003963
a0          =     3.985970
kappa_short =     5.879666
P_alpha     =    78.986614
P_gamma     =  -115.484149
B11         =   126.731671
B12         =    41.758296
B44         =    49.240886
B1xx        =  -185.347188
B1yy        =    -3.280929
B4yz        =   -14.550174
Z_star      =    10.330000
epsilon_inf =     6.869150
