a0 =  4.0000
Z_star        = 9.956
epsilon_inf   = 5.24
DDB_a = -2.755271
DDB_b = 19.590768
DDB_c = -2.246328
DDB_d = -1.965852
DDB_e = 18.538530
DDB_f = 15.574949
DDB_g =  2.766148

#Local variables:
#  compile-command: "../DDB2short BaTiO3-4.0000-DDB2short.in"
#End:
