a0 =  3.9500
Z_star        = 9.060
epsilon_inf   = 8.64
DDB_a = -1.947579
DDB_b =  4.014886
DDB_c = -0.173152
DDB_d =  0.156437
DDB_e = 17.149528
DDB_f = 14.787627
DDB_g =  0.994773

#Local variables:
#  compile-command: "../DDB2short PbTiO3-3.9500-DDB2short.in"
#End:
