Lx          =   32
Ly          =   32
Lz          =   32
mass_dipo   =     0.004042
a0          =     3.940000
kappa_short =     7.546000
P_alpha     =     0.000000
P_gamma     =     0.000000
B11         =     0.000000
B12         =     0.000000
B44         =     0.000000
B1xx        =     0.000000
B1yy        =     0.000000
B4yz        =     0.000000
Z_star      =     9.956000
epsilon_inf =     5.240000
