   0.00000   0   0   0 -0.1865478241737814E+002 -0.1865478241737813E+002 -0.1865478241737813E+002
# -0.186548E+002  -0.101644E-014  -0.101644E-014
# -0.101644E-014  -0.186548E+002  -0.169837E-014
# -0.101644E-014  -0.169837E-014  -0.186548E+002
   0.03125   1   0   0 -0.1868299338888815E+002 -0.1868299338888814E+002  0.3736598677777629E+002
#  0.373660E+002  -0.120770E-014  -0.120770E-014
# -0.120770E-014  -0.186830E+002  -0.376848E-015
# -0.120770E-014  -0.376848E-015  -0.186830E+002
   0.06250   2   0   0 -0.1876652052722998E+002 -0.1876652052722997E+002  0.3753304105445994E+002
#  0.375330E+002  -0.100152E-014  -0.100152E-014
# -0.100152E-014  -0.187665E+002  -0.640738E-015
# -0.100152E-014  -0.640738E-015  -0.187665E+002
   0.09375   3   0   0 -0.1890209233658254E+002 -0.1890209233658252E+002  0.3780418467316506E+002
#  0.378042E+002  -0.883485E-015  -0.883485E-015
# -0.883485E-015  -0.189021E+002  -0.102771E-014
# -0.883485E-015  -0.102771E-014  -0.189021E+002
   0.12500   4   0   0 -0.1908440681543713E+002 -0.1908440681543713E+002  0.3816881363087428E+002
#  0.381688E+002  -0.634799E-015  -0.634799E-015
# -0.634799E-015  -0.190844E+002  -0.104694E-014
# -0.634799E-015  -0.104694E-014  -0.190844E+002
   0.15625   5   0   0 -0.1930634937133875E+002 -0.1930634937133875E+002  0.3861269874267752E+002
#  0.386127E+002  -0.307321E-015  -0.307321E-015
# -0.307321E-015  -0.193063E+002  -0.111362E-015
# -0.307321E-015  -0.111362E-015  -0.193063E+002
   0.18750   6   0   0 -0.1955928285597418E+002 -0.1955928285597417E+002  0.3911856571194837E+002
#  0.391186E+002  -0.147383E-016  -0.147383E-016
# -0.147383E-016  -0.195593E+002  -0.104668E-014
# -0.147383E-016  -0.104668E-014  -0.195593E+002
   0.21875   7   0   0 -0.1983339599967539E+002 -0.1983339599967539E+002  0.3966679199935078E+002
#  0.396668E+002   0.325139E-015   0.325139E-015
#  0.325139E-015  -0.198334E+002   0.764526E-016
#  0.325139E-015   0.764526E-016  -0.198334E+002
   0.25000   8   0   0 -0.2011809431815348E+002 -0.2011809431815348E+002  0.4023618863630698E+002
#  0.402362E+002   0.456003E-015   0.456003E-015
#  0.456003E-015  -0.201181E+002  -0.156180E-015
#  0.456003E-015  -0.156180E-015  -0.201181E+002
   0.28125   9   0   0 -0.2040241636399269E+002 -0.2040241636399269E+002  0.4080483272798539E+002
#  0.408048E+002   0.621766E-015   0.621766E-015
#  0.621766E-015  -0.204024E+002  -0.142531E-015
#  0.621766E-015  -0.142531E-015  -0.204024E+002
   0.31250  10   0   0 -0.2067545797170343E+002 -0.2067545797170342E+002  0.4135091594340686E+002
#  0.413509E+002   0.649409E-015   0.649409E-015
#  0.649409E-015  -0.206755E+002  -0.173881E-015
#  0.649409E-015  -0.173881E-015  -0.206755E+002
   0.34375  11   0   0 -0.2092678778339372E+002 -0.2092678778339370E+002  0.4185357556678743E+002
#  0.418536E+002   0.660064E-015   0.660064E-015
#  0.660064E-015  -0.209268E+002  -0.411340E-015
#  0.660064E-015  -0.411340E-015  -0.209268E+002
   0.37500  12   0   0 -0.2114683866881994E+002 -0.2114683866881993E+002  0.4229367733763986E+002
#  0.422937E+002   0.638115E-015   0.638115E-015
#  0.638115E-015  -0.211468E+002  -0.416880E-015
#  0.638115E-015  -0.416880E-015  -0.211468E+002
   0.40625  13   0   0 -0.2132726146717842E+002 -0.2132726146717841E+002  0.4265452293435682E+002
#  0.426545E+002   0.535910E-015   0.535910E-015
#  0.535910E-015  -0.213273E+002  -0.457671E-015
#  0.535910E-015  -0.457671E-015  -0.213273E+002
   0.43750  14   0   0 -0.2146122957939371E+002 -0.2146122957939371E+002  0.4292245915878656E+002
#  0.429225E+002   0.367526E-015   0.367526E-015
#  0.367526E-015  -0.214612E+002  -0.493434E-015
#  0.367526E-015  -0.493434E-015  -0.214612E+002
   0.46875  15   0   0 -0.2154368515755295E+002 -0.2154368515755294E+002  0.4308737031507924E+002
#  0.430874E+002   0.255631E-015   0.255631E-015
#  0.255631E-015  -0.215437E+002   0.188150E-015
#  0.255631E-015   0.188150E-015  -0.215437E+002
   0.50000  16   0   0 -0.2157151984640338E+002 -0.2157151984640337E+002  0.4314303969212613E+002
#  0.431430E+002   0.964510E-016   0.964510E-016
#  0.964510E-016  -0.215715E+002  -0.110232E-014
#  0.964510E-016  -0.110232E-014  -0.215715E+002
   0.53125  16   1   0 -0.2159341065344467E+002 -0.2119504361170069E+002  0.4278845426452839E+002
#  0.427885E+002   0.384107E-010   0.936580E-016
#  0.384107E-010  -0.211950E+002  -0.101674E-014
#  0.936580E-016  -0.101674E-014  -0.215934E+002
   0.56250  16   2   0 -0.2165823315335381E+002 -0.2008742905153307E+002  0.4174566220442731E+002
#  0.417457E+002   0.565629E-010   0.851091E-016
#  0.565629E-010  -0.200874E+002  -0.818822E-015
#  0.851091E-016  -0.818822E-015  -0.216582E+002
   0.59375  16   3   0 -0.2176347157266862E+002 -0.1831179589702943E+002  0.4007526746941674E+002
#  0.400753E+002   0.509527E-010   0.717865E-016
#  0.509527E-010  -0.183118E+002  -0.517771E-015
#  0.717865E-016  -0.517771E-015  -0.217635E+002
   0.62500  16   4   0 -0.2190504474498910E+002 -0.1596607121028700E+002  0.3787111595513462E+002
#  0.378711E+002   0.332909E-010   0.577263E-016
#  0.332909E-010  -0.159661E+002  -0.302740E-015
#  0.577263E-016  -0.302740E-015  -0.219050E+002
   0.65625  16   5   0 -0.2207746859594737E+002 -0.1317357488957152E+002  0.3525104348546043E+002
#  0.352510E+002   0.166482E-010   0.483734E-016
#  0.166482E-010  -0.131736E+002   0.733564E-016
#  0.483734E-016   0.733564E-016  -0.220775E+002
   0.68750  16   6   0 -0.2227407354017439E+002 -0.1007235490456280E+002  0.3234642844471733E+002
#  0.323464E+002   0.652924E-011   0.460119E-016
#  0.652924E-011  -0.100724E+002   0.284734E-015
#  0.460119E-016   0.284734E-015  -0.222741E+002
   0.71875  16   7   0 -0.2248726741539817E+002 -0.6804892513071411E+001  0.2929215992846403E+002
#  0.292922E+002   0.203507E-011   0.471321E-016
#  0.203507E-011  -0.680489E+001   0.426226E-015
#  0.471321E-016   0.426226E-015  -0.224873E+002
   0.75000  16   8   0 -0.2270883283608896E+002 -0.3509397255247955E+001  0.2621823009133564E+002
#  0.262182E+002   0.508132E-012   0.446111E-016
#  0.508132E-012  -0.350940E+001   0.489314E-015
#  0.446111E-016   0.489314E-015  -0.227088E+002
   0.78125  16   9   0 -0.2293024668933757E+002 -0.3133471048286711E+000  0.2324359379416599E+002
#  0.232436E+002   0.102031E-012   0.323927E-016
#  0.102031E-012  -0.313347E+000   0.483959E-015
#  0.323927E-016   0.483959E-015  -0.229302E+002
   0.81250  16  10   0 -0.2314300893680382E+002  0.2670611195221947E+001  0.2047239774158184E+002
#  0.204724E+002   0.163668E-013   0.875424E-017
#  0.163668E-013   0.267061E+001   0.414333E-015
#  0.875424E-017   0.414333E-015  -0.231430E+002
   0.84375  16  11   0 -0.2333896790388845E+002  0.5346682561186033E+001  0.1799228534270240E+002
#  0.179923E+002   0.196022E-014  -0.231552E-016
#  0.196022E-014   0.534668E+001   0.340754E-015
# -0.231552E-016   0.340754E-015  -0.233390E+002
   0.87500  16  12   0 -0.2351062977200062E+002  0.7636359990693265E+001  0.1587426978130734E+002
#  0.158743E+002   0.103131E-015  -0.567802E-016
#  0.103131E-015   0.763636E+001   0.315557E-015
# -0.567802E-016   0.315557E-015  -0.235106E+002
   0.90625  16  13   0 -0.2365144096055218E+002  0.9477829138199573E+001  0.1417361182235259E+002
#  0.141736E+002   0.377628E-016  -0.850185E-016
#  0.377628E-016   0.947783E+001   0.147007E-015
# -0.850185E-016   0.147007E-015  -0.236514E+002
   0.93750  16  14   0 -0.2375603340049673E+002  0.1082484527431518E+002  0.1293118812618154E+002
#  0.129312E+002   0.181232E-015  -0.103587E-015
#  0.181232E-015   0.108248E+002   0.118108E-015
# -0.103587E-015   0.118108E-015  -0.237560E+002
   0.96875  16  15   0 -0.2382042427042050E+002  0.1164548730948817E+002  0.1217493696093233E+002
#  0.121749E+002   0.307777E-015  -0.112688E-015
#  0.307777E-015   0.116455E+002   0.102634E-015
# -0.112688E-015   0.102634E-015  -0.238204E+002
   1.00000  16  16   0 -0.2384216350909679E+002  0.1192108175454839E+002  0.1192108175454839E+002
#  0.119211E+002   0.356456E-015  -0.115179E-015
#  0.356456E-015   0.119211E+002   0.101353E-015
# -0.115179E-015   0.101353E-015  -0.238422E+002
   1.04419  15  15   0 -0.2379862745496911E+002  0.1157193285162513E+002  0.1222669460334397E+002
#  0.118993E+002   0.327381E+000  -0.379764E-015
#  0.327381E+000   0.118993E+002  -0.383875E-015
# -0.379764E-015  -0.383875E-015  -0.237986E+002
   1.08839  14  14   0 -0.2366899879807822E+002  0.1054533011818988E+002  0.1312366867988833E+002
#  0.118345E+002   0.128917E+001  -0.290676E-015
#  0.128917E+001   0.118345E+002  -0.773533E-016
# -0.290676E-015  -0.773533E-016  -0.236690E+002
   1.13258  13  13   0 -0.2345627774037374E+002  0.8901507618398014E+001  0.1455477012197572E+002
#  0.117281E+002   0.282663E+001  -0.847590E-016
#  0.282663E+001   0.117281E+002  -0.193540E-015
# -0.847590E-016  -0.193540E-015  -0.234563E+002
   1.17678  12  12   0 -0.2316565470140440E+002  0.6733666797230217E+001  0.1643198790417418E+002
#  0.115828E+002   0.484916E+001  -0.147951E-015
#  0.484916E+001   0.115828E+002   0.135024E-016
# -0.147951E-015   0.135024E-016  -0.231657E+002
   1.22097  11  11   0 -0.2280474309619132E+002  0.4158690963805775E+001  0.1864605213238553E+002
#  0.114024E+002   0.724368E+001   0.189931E-015
#  0.724368E+001   0.114024E+002   0.590491E-016
#  0.189931E-015   0.590491E-016  -0.228047E+002
   1.26517  10  10   0 -0.2238380767985203E+002  0.1306666297588018E+001  0.2107714138226401E+002
#  0.111919E+002   0.988524E+001   0.296189E-015
#  0.988524E+001   0.111919E+002   0.300275E-015
#  0.296189E-015   0.300275E-015  -0.223838E+002
   1.30936   9   9   0 -0.2191590704248638E+002 -0.1689167869062476E+001  0.2360507491154885E+002
#  0.109580E+002   0.126471E+002   0.375319E-015
#  0.126471E+002   0.109580E+002   0.379268E-015
#  0.375319E-015   0.379268E-015  -0.219159E+002
   1.35355   8   8   0 -0.2141686715965371E+002 -0.4700819709765999E+001  0.2611768686941971E+002
#  0.107084E+002   0.154093E+002   0.101011E-014
#  0.154093E+002   0.107084E+002   0.673363E-015
#  0.101011E-014   0.673363E-015  -0.214169E+002
   1.39775   7   7   0 -0.2090501477348771E+002 -0.7611645128540950E+001  0.2851665990202868E+002
#  0.104525E+002   0.180642E+002   0.735178E-015
#  0.180642E+002   0.104525E+002   0.851763E-015
#  0.735178E-015   0.851763E-015  -0.209050E+002
   1.44194   6   6   0 -0.2040062472550115E+002 -0.1032004151449861E+002  0.3072066623999978E+002
#  0.102003E+002   0.205204E+002   0.630722E-015
#  0.205204E+002   0.102003E+002   0.573282E-015
#  0.630722E-015   0.573282E-015  -0.204006E+002
   1.48614   5   5   0 -0.1992507216527408E+002 -0.1274103027377030E+002  0.3266610243904441E+002
#  0.996254E+001   0.227036E+002   0.399744E-015
#  0.227036E+002   0.996254E+001   0.669271E-015
#  0.399744E-015   0.669271E-015  -0.199251E+002
   1.53033   4   4   0 -0.1949972463749139E+002 -0.1480624252319297E+002  0.3430596716068438E+002
#  0.974986E+001   0.245561E+002   0.911224E-016
#  0.245561E+002   0.974986E+001  -0.298442E-015
#  0.911224E-016  -0.298442E-015  -0.194997E+002
   1.57452   3   3   0 -0.1914465418985134E+002 -0.1646288293565832E+002  0.3560753712550969E+002
#  0.957233E+001   0.260352E+002  -0.335368E-015
#  0.260352E+002   0.957233E+001  -0.447970E-015
# -0.335368E-015  -0.447970E-015  -0.191447E+002
   1.61872   2   2   0 -0.1887728825835701E+002 -0.1767220070263426E+002  0.3654948896099129E+002
#  0.943864E+001   0.271108E+002  -0.765501E-015
#  0.271108E+002   0.943864E+001  -0.685702E-015
# -0.765501E-015  -0.685702E-015  -0.188773E+002
   1.66291   1   1   0 -0.1871114246094168E+002 -0.1840789679529544E+002  0.3711903925623712E+002
#  0.935557E+001   0.277635E+002  -0.111767E-014
#  0.277635E+002   0.935557E+001  -0.500105E-015
# -0.111767E-014  -0.500105E-015  -0.187111E+002
   1.70711   0   0   0 -0.1865478241737814E+002 -0.1865478241737813E+002 -0.1865478241737813E+002
# -0.186548E+002  -0.101644E-014  -0.101644E-014
# -0.101644E-014  -0.186548E+002  -0.169837E-014
# -0.101644E-014  -0.169837E-014  -0.186548E+002
   1.76123   1   1   1 -0.1843668955388556E+002 -0.1843668955388555E+002  0.3687337910777110E+002
#  0.000000E+000   0.184367E+002   0.184367E+002
#  0.184367E+002  -0.189008E-014   0.184367E+002
#  0.184367E+002   0.184367E+002   0.189008E-014
   1.81536   2   2   2 -0.1779316612156714E+002 -0.1779316612156714E+002  0.3558633224313429E+002
#  0.189008E-014   0.177932E+002   0.177932E+002
#  0.177932E+002   0.567024E-014   0.177932E+002
#  0.177932E+002   0.177932E+002   0.945041E-015
   1.86949   3   3   3 -0.1675620254522448E+002 -0.1675620254522446E+002  0.3351240509044895E+002
#  0.496146E-014   0.167562E+002   0.167562E+002
#  0.167562E+002   0.945041E-015   0.167562E+002
#  0.167562E+002   0.167562E+002   0.330764E-014
   1.92361   4   4   4 -0.1537805914741691E+002 -0.1537805914741691E+002  0.3075611829483383E+002
#  0.357344E-014   0.153781E+002   0.153781E+002
#  0.153781E+002   0.487287E-014   0.153781E+002
#  0.153781E+002   0.153781E+002   0.395736E-014
   1.97774   5   5   5 -0.1372923869187241E+002 -0.1372923869187240E+002  0.2745847738374482E+002
#  0.601541E-014   0.137292E+002   0.137292E+002
#  0.137292E+002   0.287942E-014   0.137292E+002
#  0.137292E+002   0.137292E+002   0.490424E-014
   2.03187   6   6   6 -0.1189493778815281E+002 -0.1189493778815281E+002  0.2378987557630563E+002
#  0.124331E-014   0.118949E+002   0.118949E+002
#  0.118949E+002  -0.381269E-016   0.118949E+002
#  0.118949E+002   0.118949E+002   0.182519E-014
   2.08599   7   7   7 -0.9969655298084858E+001 -0.9969655298084858E+001  0.1993931059616971E+002
# -0.235177E-015   0.996966E+001   0.996966E+001
#  0.996966E+001  -0.385608E-015   0.996966E+001
#  0.996966E+001   0.996966E+001  -0.639173E-015
   2.14012   8   8   8 -0.8050031440575120E+001 -0.8050031440575118E+001  0.1610006288115023E+002
# -0.283146E-014   0.805003E+001   0.805003E+001
#  0.805003E+001  -0.231009E-014   0.805003E+001
#  0.805003E+001   0.805003E+001  -0.212007E-014
   2.19425   9   9   9 -0.6226588931554277E+001 -0.6226588931554275E+001  0.1245317786310854E+002
# -0.368083E-014   0.622659E+001   0.622659E+001
#  0.622659E+001  -0.369791E-014   0.622659E+001
#  0.622659E+001   0.622659E+001  -0.388548E-014
   2.24837  10  10  10 -0.4575672072330705E+001 -0.4575672072330705E+001  0.9151344144661397E+001
# -0.489986E-014   0.457567E+001   0.457567E+001
#  0.457567E+001  -0.526071E-014   0.457567E+001
#  0.457567E+001   0.457567E+001  -0.541668E-014
   2.30250  11  11  11 -0.3153264059803241E+001 -0.3153264059803238E+001  0.6306528119606465E+001
# -0.319971E-014   0.315326E+001   0.315326E+001
#  0.315326E+001  -0.532329E-014   0.315326E+001
#  0.315326E+001   0.315326E+001  -0.461358E-014
   2.35663  12  12  12 -0.1992251373996199E+001 -0.1992251373996198E+001  0.3984502747992382E+001
# -0.546287E-014   0.199225E+001   0.199225E+001
#  0.199225E+001  -0.404208E-014   0.199225E+001
#  0.199225E+001   0.199225E+001  -0.578034E-014
   2.41075  13  13  13 -0.1103998789026669E+001 -0.1103998789026668E+001  0.2207997578053327E+001
# -0.445710E-014   0.110400E+001   0.110400E+001
#  0.110400E+001  -0.306123E-014   0.110400E+001
#  0.110400E+001   0.110400E+001  -0.268930E-014
   2.46488  14  14  14 -0.4839570867920286E+000 -0.4839570867920270E+000  0.9679141735840371E+000
# -0.421577E-014   0.483957E+000   0.483957E+000
#  0.483957E+000  -0.706196E-014   0.483957E+000
#  0.483957E+000   0.483957E+000  -0.768215E-014
   2.51901  15  15  15 -0.1198283700684967E+000 -0.1198283700684958E+000  0.2396567401369825E+000
# -0.230354E-014   0.119828E+000   0.119828E+000
#  0.119828E+000  -0.431544E-014   0.119828E+000
#  0.119828E+000   0.119828E+000  -0.332056E-014
   2.57313  16  16  16 -0.9139902262623243E-014 -0.4139461968295070E-014 -0.2100618823877959E-014
# -0.899311E-014   0.678888E-015   0.678888E-015
#  0.678888E-015  -0.232061E-014   0.472340E-015
#  0.678888E-015   0.472340E-015  -0.406626E-014
   2.61733  16  15  15 -0.2281738784969378E+000  0.8181069345761405E-002  0.2199928091511644E+000
#  0.219993E+000   0.616641E-015   0.616641E-015
#  0.616641E-015  -0.109996E+000   0.118177E+000
#  0.616641E-015   0.118177E+000  -0.109996E+000
   2.66152  16  14  14 -0.9013433845092966E+000  0.1479742522368646E-001  0.8865459592855998E+000
#  0.886546E+000   0.473774E-015   0.473774E-015
#  0.473774E-015  -0.443273E+000   0.458070E+000
#  0.473774E-015   0.458070E+000  -0.443273E+000
   2.70571  16  13  13 -0.1986342525241823E+001 -0.3181107687759210E-001  0.2018153602119401E+001
#  0.201815E+001   0.309386E-015   0.309386E-015
#  0.309386E-015  -0.100908E+001   0.977266E+000
#  0.309386E-015   0.977266E+000  -0.100908E+001
   2.74991  16  12  12 -0.3430736289526731E+001 -0.2107905117000604E+000  0.3641526801226776E+001
#  0.364153E+001   0.118831E-015   0.118831E-015
#  0.118831E-015  -0.182076E+001   0.160997E+001
#  0.118831E-015   0.160997E+001  -0.182076E+001
   2.79410  16  11  11 -0.5166669146612692E+001 -0.6187149689115699E+000  0.5785384115524250E+001
#  0.578538E+001  -0.126570E-015  -0.126570E-015
# -0.126570E-015  -0.289269E+001   0.227398E+001
# -0.126570E-015   0.227398E+001  -0.289269E+001
   2.83830  16  10  10 -0.7115517766574643E+001 -0.1356184309161593E+001  0.8471702075736228E+001
#  0.847170E+001  -0.406237E-015  -0.406237E-015
# -0.406237E-015  -0.423585E+001   0.287967E+001
# -0.406237E-015   0.287967E+001  -0.423585E+001
   2.88249  16   9   9 -0.9192800397530981E+001 -0.2511676005759088E+001  0.1170447640329006E+002
#  0.117045E+002  -0.609185E-015  -0.609185E-015
# -0.609185E-015  -0.585224E+001   0.334056E+001
# -0.609185E-015   0.334056E+001  -0.585224E+001
   2.92669  16   8   8 -0.1131284465145303E+002 -0.4143481630926487E+001  0.1545632628237951E+002
#  0.154563E+002   0.518229E-016   0.518229E-016
#  0.518229E-016  -0.772816E+001   0.358468E+001
#  0.518229E-016   0.358468E+001  -0.772816E+001
   2.97088  16   7   7 -0.1339283653773937E+002 -0.6261074716993660E+001  0.1965391125473298E+002
#  0.196539E+002   0.135763E-013   0.135763E-013
#  0.135763E-013  -0.982696E+001   0.356588E+001
#  0.135763E-013   0.356588E+001  -0.982696E+001
   3.01507  16   6   6 -0.1535602956148703E+002 -0.8808229711417562E+001  0.2416425927290400E+002
#  0.241643E+002   0.169041E-012   0.169041E-012
#  0.169041E-012  -0.120821E+002   0.327390E+001
#  0.169041E-012   0.327390E+001  -0.120821E+002
   3.05927  16   5   5 -0.1713404769427391E+002 -0.1165163268015701E+002  0.2878568037442589E+002
#  0.287857E+002   0.131313E-011   0.131313E-011
#  0.131313E-011  -0.143928E+002   0.274121E+001
#  0.131313E-011   0.274121E+001  -0.143928E+002
   3.10346  16   4   4 -0.1866834372642783E+002 -0.1458014459657280E+002  0.3324848832297121E+002
#  0.332485E+002   0.653581E-011   0.653581E-011
#  0.653581E-011  -0.166242E+002   0.204410E+001
#  0.653581E-011   0.204410E+001  -0.166242E+002
   3.14766  16   3   3 -0.1991096141234644E+002 -0.1732020147905748E+002  0.3723116289128765E+002
#  0.372312E+002   0.203671E-010   0.203671E-010
#  0.203671E-010  -0.186156E+002   0.129538E+001
#  0.203671E-010   0.129538E+001  -0.186156E+002
   3.19185  16   2   2 -0.2082479387823513E+002 -0.1957052199629654E+002  0.4039531587422135E+002
#  0.403953E+002   0.376143E-010   0.376143E-010
#  0.376143E-010  -0.201977E+002   0.627136E+000
#  0.376143E-010   0.627136E+000  -0.201977E+002
   3.23604  16   1   1 -0.2138353758917323E+002 -0.2105338539564097E+002  0.4243692298425491E+002
#  0.424369E+002   0.346839E-010   0.346839E-010
#  0.346839E-010  -0.212185E+002   0.165076E+000
#  0.346839E-010   0.165076E+000  -0.212185E+002
   3.28024  16   0   0 -0.2157151984640338E+002 -0.2157151984640337E+002  0.4314303969212613E+002
#  0.431430E+002   0.964510E-016   0.964510E-016
#  0.964510E-016  -0.215715E+002  -0.110232E-014
#  0.964510E-016  -0.110232E-014  -0.215715E+002
   3.32443  16   1   1 -0.2138353758917323E+002 -0.2105338539564097E+002  0.4243692298425491E+002
#  0.424369E+002   0.346839E-010   0.346839E-010
#  0.346839E-010  -0.212185E+002   0.165076E+000
#  0.346839E-010   0.165076E+000  -0.212185E+002
   3.36863  16   2   2 -0.2082479387823513E+002 -0.1957052199629654E+002  0.4039531587422135E+002
#  0.403953E+002   0.376143E-010   0.376143E-010
#  0.376143E-010  -0.201977E+002   0.627136E+000
#  0.376143E-010   0.627136E+000  -0.201977E+002
   3.41282  16   3   3 -0.1991096141234644E+002 -0.1732020147905748E+002  0.3723116289128765E+002
#  0.372312E+002   0.203671E-010   0.203671E-010
#  0.203671E-010  -0.186156E+002   0.129538E+001
#  0.203671E-010   0.129538E+001  -0.186156E+002
   3.45702  16   4   4 -0.1866834372642783E+002 -0.1458014459657280E+002  0.3324848832297121E+002
#  0.332485E+002   0.653581E-011   0.653581E-011
#  0.653581E-011  -0.166242E+002   0.204410E+001
#  0.653581E-011   0.204410E+001  -0.166242E+002
   3.50121  16   5   5 -0.1713404769427391E+002 -0.1165163268015701E+002  0.2878568037442589E+002
#  0.287857E+002   0.131313E-011   0.131313E-011
#  0.131313E-011  -0.143928E+002   0.274121E+001
#  0.131313E-011   0.274121E+001  -0.143928E+002
   3.54540  16   6   6 -0.1535602956148703E+002 -0.8808229711417562E+001  0.2416425927290400E+002
#  0.241643E+002   0.169041E-012   0.169041E-012
#  0.169041E-012  -0.120821E+002   0.327390E+001
#  0.169041E-012   0.327390E+001  -0.120821E+002
   3.58960  16   7   7 -0.1339283653773937E+002 -0.6261074716993660E+001  0.1965391125473298E+002
#  0.196539E+002   0.135763E-013   0.135763E-013
#  0.135763E-013  -0.982696E+001   0.356588E+001
#  0.135763E-013   0.356588E+001  -0.982696E+001
   3.63379  16   8   8 -0.1131284465145303E+002 -0.4143481630926487E+001  0.1545632628237951E+002
#  0.154563E+002   0.518229E-016   0.518229E-016
#  0.518229E-016  -0.772816E+001   0.358468E+001
#  0.518229E-016   0.358468E+001  -0.772816E+001
   3.67799  16   9   9 -0.9192800397530981E+001 -0.2511676005759088E+001  0.1170447640329006E+002
#  0.117045E+002  -0.609185E-015  -0.609185E-015
# -0.609185E-015  -0.585224E+001   0.334056E+001
# -0.609185E-015   0.334056E+001  -0.585224E+001
   3.72218  16  10  10 -0.7115517766574643E+001 -0.1356184309161593E+001  0.8471702075736228E+001
#  0.847170E+001  -0.406237E-015  -0.406237E-015
# -0.406237E-015  -0.423585E+001   0.287967E+001
# -0.406237E-015   0.287967E+001  -0.423585E+001
   3.76637  16  11  11 -0.5166669146612692E+001 -0.6187149689115699E+000  0.5785384115524250E+001
#  0.578538E+001  -0.126570E-015  -0.126570E-015
# -0.126570E-015  -0.289269E+001   0.227398E+001
# -0.126570E-015   0.227398E+001  -0.289269E+001
   3.81057  16  12  12 -0.3430736289526731E+001 -0.2107905117000604E+000  0.3641526801226776E+001
#  0.364153E+001   0.118831E-015   0.118831E-015
#  0.118831E-015  -0.182076E+001   0.160997E+001
#  0.118831E-015   0.160997E+001  -0.182076E+001
   3.85476  16  13  13 -0.1986342525241823E+001 -0.3181107687759210E-001  0.2018153602119401E+001
#  0.201815E+001   0.309386E-015   0.309386E-015
#  0.309386E-015  -0.100908E+001   0.977266E+000
#  0.309386E-015   0.977266E+000  -0.100908E+001
   3.89896  16  14  14 -0.9013433845092966E+000  0.1479742522368646E-001  0.8865459592855998E+000
#  0.886546E+000   0.473774E-015   0.473774E-015
#  0.473774E-015  -0.443273E+000   0.458070E+000
#  0.473774E-015   0.458070E+000  -0.443273E+000
   3.94315  16  15  15 -0.2281738784969378E+000  0.8181069345761405E-002  0.2199928091511644E+000
#  0.219993E+000   0.616641E-015   0.616641E-015
#  0.616641E-015  -0.109996E+000   0.118177E+000
#  0.616641E-015   0.118177E+000  -0.109996E+000
   3.98735  16  16  16 -0.9139902262623243E-014 -0.4139461968295070E-014 -0.2100618823877959E-014
# -0.899311E-014   0.678888E-015   0.678888E-015
#  0.678888E-015  -0.232061E-014   0.472340E-015
#  0.678888E-015   0.472340E-015  -0.406626E-014
   4.01860  16  16  15 -0.2188219488751491E+000  0.1094109744375634E+000  0.1094109744375702E+000
#  0.109411E+000   0.670824E-015   0.636621E-015
#  0.670824E-015   0.109411E+000   0.445557E-015
#  0.636621E-015   0.445557E-015  -0.218822E+000
   4.04985  16  16  14 -0.8679922236530822E+000  0.4339961118265295E+000  0.4339961118265360E+000
#  0.433996E+000   0.650726E-015   0.520098E-015
#  0.650726E-015   0.433996E+000   0.370769E-015
#  0.520098E-015   0.370769E-015  -0.867992E+000
   4.08110  16  16  13 -0.1925748723839578E+001  0.9628743619197779E+000  0.9628743619197838E+000
#  0.962874E+000   0.627143E-015   0.354001E-015
#  0.627143E-015   0.962874E+000   0.260685E-015
#  0.354001E-015   0.260685E-015  -0.192575E+001
   4.11235  16  16  12 -0.3356251236178296E+001  0.1678125618089137E+001  0.1678125618089145E+001
#  0.167813E+001   0.605794E-015   0.166018E-015
#  0.605794E-015   0.167813E+001   0.129510E-015
#  0.166018E-015   0.129510E-015  -0.335625E+001
   4.14360  16  16  11 -0.5110275158742694E+001  0.2555137579371337E+001  0.2555137579371342E+001
#  0.255514E+001   0.586004E-015  -0.188190E-016
#  0.586004E-015   0.255514E+001  -0.700930E-017
# -0.188190E-016  -0.700930E-017  -0.511028E+001
   4.17485  16  16  10 -0.7126272347294094E+001  0.3563136173647038E+001  0.3563136173647043E+001
#  0.356314E+001   0.563568E-015  -0.177713E-015
#  0.563568E-015   0.356314E+001  -0.130638E-015
# -0.177713E-015  -0.130638E-015  -0.712627E+001
   4.20610  16  16   9 -0.9331870192150033E+001  0.4665935096075008E+001  0.4665935096075015E+001
#  0.466594E+001   0.536140E-015  -0.290453E-015
#  0.536140E-015   0.466594E+001  -0.225457E-015
# -0.290453E-015  -0.225457E-015  -0.933187E+001
   4.23735  16  16   8 -0.1164587427940820E+002  0.5822937139704091E+001  0.5822937139704095E+001
#  0.582294E+001   0.505680E-015  -0.342695E-015
#  0.505680E-015   0.582294E+001  -0.282765E-015
# -0.342695E-015  -0.282765E-015  -0.116459E+002
   4.26860  16  16   7 -0.1398081614060048E+002  0.6990408070300230E+001  0.6990408070300234E+001
#  0.699041E+001   0.476407E-015  -0.330349E-015
#  0.476407E-015   0.699041E+001  -0.299121E-015
# -0.330349E-015  -0.299121E-015  -0.139808E+002
   4.29985  16  16   6 -0.1624604455174449E+002  0.8123022275872238E+001  0.8123022275872241E+001
#  0.812302E+001   0.451063E-015  -0.264991E-015
#  0.451063E-015   0.812302E+001  -0.273839E-015
# -0.264991E-015  -0.273839E-015  -0.162460E+002
   4.33110  16  16   5 -0.1835129855055482E+002  0.9175649275277397E+001  0.9175649275277404E+001
#  0.917565E+001   0.429246E-015  -0.176414E-015
#  0.429246E-015   0.917565E+001  -0.212669E-015
# -0.176414E-015  -0.212669E-015  -0.183513E+002
   4.36235  16  16   4 -0.2021062865685808E+002  0.1010531432842903E+002  0.1010531432842904E+002
#  0.101053E+002   0.409007E-015  -0.103099E-015
#  0.409007E-015   0.101053E+002  -0.130278E-015
# -0.103099E-015  -0.130278E-015  -0.202106E+002
   4.39360  16  16   3 -0.2174645965409341E+002  0.1087322982704669E+002  0.1087322982704670E+002
#  0.108732E+002   0.389590E-015  -0.712557E-016
#  0.389590E-015   0.108732E+002  -0.444354E-016
# -0.712557E-016  -0.444354E-016  -0.217465E+002
   4.42485  16  16   2 -0.2289352680429839E+002  0.1144676340214918E+002  0.1144676340214919E+002
#  0.114468E+002   0.372548E-015  -0.794725E-016
#  0.372548E-015   0.114468E+002   0.303947E-016
# -0.794725E-016   0.303947E-016  -0.228935E+002
   4.45610  16  16   1 -0.2360238148512686E+002  0.1180119074256342E+002  0.1180119074256343E+002
#  0.118012E+002   0.360704E-015  -0.103330E-015
#  0.360704E-015   0.118012E+002   0.824510E-016
# -0.103330E-015   0.824510E-016  -0.236024E+002
   4.48735  16  16   0 -0.2384216350909679E+002  0.1192108175454839E+002  0.1192108175454839E+002
#  0.119211E+002   0.356456E-015  -0.115179E-015
#  0.356456E-015   0.119211E+002   0.101353E-015
# -0.115179E-015   0.101353E-015  -0.238422E+002
