#   0.00000   0.00000   0.00000
  -5.835618831   0.000000000   0.000000000
   0.000000000  -5.836042118  -0.000000000
   0.000000000  -0.000000000  -5.835618831
#   0.06250   0.00000   0.00000
  54.790597471  -0.000000777  -0.787803500
  -0.000000777  -5.705772496  -0.000000011
  -0.787803500  -0.000000011  -5.695225271
#   0.12500   0.00000   0.00000
  53.473690745  -0.000002658  -0.765881086
  -0.000002658  -5.344733285  -0.000000041
  -0.765881086  -0.000000041  -5.334821528
#   0.18750   0.00000   0.00000
  51.466116083  -0.000004557  -0.732951646
  -0.000004557  -4.831881498  -0.000000081
  -0.732951646  -0.000000081  -4.822823163
#   0.25000   0.00000   0.00000
  49.041519401  -0.000005385  -0.693923951
  -0.000005385  -4.269289154  -0.000000121
  -0.693923951  -0.000000121  -4.261087034
#   0.31250   0.00000   0.00000
  46.555813658  -0.000004685  -0.654696926
  -0.000004685  -3.752548254  -0.000000152
  -0.654696926  -0.000000152  -3.745039478
#   0.37500   0.00000   0.00000
  44.400708478  -0.000002895  -0.621286258
  -0.000002895  -3.350391629  -0.000000172
  -0.621286258  -0.000000172  -3.343343070
#   0.43750   0.00000   0.00000
  42.936270959  -0.000001086  -0.598882613
  -0.000001086  -3.100047558  -0.000000183
  -0.598882613  -0.000000183  -3.093241261
#   0.50000   0.00000   0.00000
  42.417385812  -0.000000335  -0.591000447
  -0.000000335  -3.015629358  -0.000000186
  -0.591000447  -0.000000186  -3.008895733
#   0.00000   0.06250   0.00000
  -5.705425586  -0.000000783  -0.000000744
  -0.000000783  54.792650451  -0.000000510
  -0.000000744  -0.000000510  -5.705484349
#   0.06250   0.06250   0.00000
  24.583011474 -29.399970664  -0.392467304
 -29.399970664  24.583864830   0.382870329
  -0.392467304   0.382870329  -5.550090900
#   0.12500   0.06250   0.00000
  41.878912314 -22.196628523  -0.612722077
 -22.196628523   6.927982614   0.289049127
  -0.612722077   0.289049127  -5.169406434
#   0.18750   0.06250   0.00000
  46.249622235 -15.084134049  -0.662708930
 -15.084134049   1.669553218   0.196415669
  -0.662708930   0.196415669  -4.644880099
#   0.25000   0.06250   0.00000
  46.520268728 -10.236473721  -0.658726050
 -10.236473721   0.038714450   0.133285571
  -0.658726050   0.133285571  -4.078657012
#   0.31250   0.06250   0.00000
  45.314125261  -6.800482044  -0.636208614
  -6.800482044  -0.425593229   0.088546538
  -0.636208614   0.088546538  -3.566337126
#   0.37500   0.06250   0.00000
  43.759379404  -4.180970737  -0.610755799
  -4.180970737  -0.518945307   0.054444332
  -0.610755799   0.054444332  -3.175783441
#   0.43750   0.06250   0.00000
  42.551823241  -2.011285081  -0.591908537
  -2.011285081  -0.514057489   0.026201329
  -0.591908537   0.026201329  -2.942421076
#   0.50000   0.06250   0.00000
  42.124313309  -0.042003430  -0.585466788
  -0.042003430  -0.490449691   0.000568018
  -0.585466788   0.000568018  -2.877830406
#   0.00000   0.12500   0.00000
  -5.344583955  -0.000002680  -0.000002660
  -0.000002680  53.475638091  -0.000001739
  -0.000002660  -0.000001739  -5.344794117
#   0.06250   0.12500   0.00000
   6.927685180 -22.196668315  -0.157623016
 -22.196668315  41.880372713   0.289072124
  -0.157623016   0.289072124  -5.175280711
#   0.12500   0.12500   0.00000
  25.078233325 -26.206261307  -0.388822893
 -26.206261307  25.079152469   0.341287744
  -0.388822893   0.341287744  -4.779642491
#   0.18750   0.12500   0.00000
  35.966115839 -21.929714011  -0.523553895
 -21.929714011  15.179965596   0.285588746
  -0.523553895   0.285588746  -4.243911675
#   0.25000   0.12500   0.00000
  40.886831520 -16.445257622  -0.580074537
 -16.445257622  10.400043691   0.214167856
  -0.580074537   0.214167856  -3.673096814
#   0.31250   0.12500   0.00000
  42.380428629 -11.519003429  -0.592746547
 -11.519003429   8.115345921   0.150026985
  -0.592746547   0.150026985  -3.163371908
#   0.37500   0.12500   0.00000
  42.196438068  -7.306257164  -0.585257078
  -7.306257164   6.955196419   0.095184619
  -0.585257078   0.095184619  -2.781954256
#   0.43750   0.12500   0.00000
  41.573850207  -3.603993459  -0.574203829
  -3.603993459   6.375816632   0.046992095
  -0.574203829   0.046992095  -2.562662893
#   0.50000   0.12500   0.00000
  41.319053271  -0.155296328  -0.570224079
  -0.155296328   6.225038520   0.002100907
  -0.570224079   0.002100907  -2.514808914
#   0.00000   0.18750   0.00000
  -4.831972776  -0.000004595  -0.000004970
  -0.000004595  51.467926351  -0.000002966
  -0.000004970  -0.000002966  -4.832365445
#   0.06250   0.18750   0.00000
   1.669273297 -15.084235827  -0.082316165
 -15.084235827  46.251063175   0.196452594
  -0.082316165   0.196452594  -4.652268062
#   0.12500   0.18750   0.00000
  15.179273730 -21.929819502  -0.252948081
 -21.929819502  35.967195538   0.285620582
  -0.252948081   0.285620582  -4.247248154
#   0.18750   0.18750   0.00000
  27.278325625 -21.534588195  -0.403359045
 -21.534588195  27.279147286   0.280485621
  -0.403359045   0.280485621  -3.704204242
#   0.25000   0.18750   0.00000
  35.080977954 -17.871092912  -0.497369363
 -17.871092912  21.720396166   0.232790765
  -0.497369363   0.232790765  -3.130038958
#   0.31250   0.18750   0.00000
  38.947383371 -13.322042831  -0.540958044
 -13.322042831  18.407611864   0.173570725
  -0.540958044   0.173570725  -2.621758115
#   0.37500   0.18750   0.00000
  40.189433559  -8.789876226  -0.552111445
  -8.789876226  16.412712731   0.114575575
  -0.552111445   0.114575575  -2.246306962
#   0.43750   0.18750   0.00000
  40.236913657  -4.474697288  -0.549901335
  -4.474697288  15.302659453   0.058406514
  -0.549901335   0.058406514  -2.036408662
#   0.50000   0.18750   0.00000
  40.181924732  -0.308467978  -0.548667720
  -0.308467978  14.983960131   0.004174031
  -0.548667720   0.004174031  -1.999776208
#   0.00000   0.25000   0.00000
  -4.269579344  -0.000005429  -0.000006837
  -0.000005429  49.043200363  -0.000003468
  -0.000006837  -0.000003468  -4.270119356
#   0.06250   0.25000   0.00000
   0.038376706 -10.236640762  -0.053698358
 -10.236640762  46.521476256   0.133325477
  -0.053698358   0.133325477  -4.086221533
#   0.12500   0.25000   0.00000
  10.399487240 -16.445487180  -0.183265383
 -16.445487180  40.887681415   0.214216155
  -0.183265383   0.214216155  -3.677821978
#   0.18750   0.25000   0.00000
  21.719841041 -17.871249987  -0.323491942
 -17.871249987  35.081524675   0.232817276
  -0.323491942   0.232817276  -3.131990949
#   0.25000   0.25000   0.00000
  30.540916583 -16.059738370  -0.430741766
 -16.059738370  30.541112814   0.209259286
  -0.430741766   0.209259286  -2.556319595
#   0.31250   0.25000   0.00000
  35.823411802 -12.669607901  -0.492771216
 -12.669607901  27.313094298   0.165144792
  -0.492771216   0.165144792  -2.048321684
#   0.37500   0.25000   0.00000
  38.144847795  -8.699852085  -0.518002920
  -8.699852085  25.096815479   0.113481858
  -0.518002920   0.113481858  -1.674936355
#   0.43750   0.25000   0.00000
  38.785208802  -4.589253545  -0.523554406
  -4.589253545  23.768502750   0.059980620
  -0.523554406   0.059980620  -1.468430326
#   0.50000   0.25000   0.00000
  38.917810657  -0.466212757  -0.524816677
  -0.466212757  23.375352737   0.006309720
  -0.524816677   0.006309720  -1.435824783
#   0.00000   0.31250   0.00000
  -3.752945454  -0.000004722  -0.000007775
  -0.000004722  46.557400372  -0.000002946
  -0.000007775  -0.000002946  -3.753559276
#   0.06250   0.31250   0.00000
  -0.425930502  -6.800687213  -0.040973766
  -6.800687213  45.315106065   0.088581189
  -0.040973766   0.088581189  -3.573677130
#   0.12500   0.31250   0.00000
   8.114978809 -11.519315123  -0.146869629
 -11.519315123  42.380936088   0.150074070
  -0.146869629   0.150074070  -3.168548029
#   0.18750   0.31250   0.00000
  18.407401302 -13.322323706  -0.273726039
 -13.322323706  38.947478048   0.173605159
  -0.273726039   0.173605159  -2.624660623
#   0.25000   0.31250   0.00000
  27.313304855 -12.669757275  -0.382080097
 -12.669757275  35.823090739   0.165158359
  -0.382080097   0.165158359  -2.049450652
#   0.31250   0.31250   0.00000
  33.263764009 -10.464008804  -0.452790806
 -10.464008804  33.263057947   0.136482373
  -0.452790806   0.136482373  -1.540541162
#   0.37500   0.31250   0.00000
  36.296339742  -7.455200107  -0.487251012
  -7.455200107  31.317718784   0.097342548
  -0.487251012   0.097342548  -1.165046234
#   0.43750   0.31250   0.00000
  37.413363202  -4.093808024  -0.498966777
  -4.093808024  30.089173049   0.053601247
  -0.498966777   0.053601247  -0.955436911
#   0.50000   0.31250   0.00000
  37.705857749  -0.601769104  -0.502263273
  -0.601769104  29.723304023   0.008145297
  -0.502263273   0.008145297  -0.919040766
#   0.00000   0.37500   0.00000
  -3.350807567  -0.000002915  -0.000007843
  -0.000002915  44.402242750  -0.000001702
  -0.000007843  -0.000001702  -3.351426368
#   0.06250   0.37500   0.00000
  -0.519236720  -4.181160357  -0.034668234
  -4.181160357  43.760295903   0.054468733
  -0.034668234   0.054468733  -3.182890712
#   0.12500   0.37500   0.00000
   6.955029131  -7.306558415  -0.126791994
  -7.306558415  42.196796198   0.095218059
  -0.126791994   0.095218059  -2.787296989
#   0.18750   0.37500   0.00000
  16.412814176  -8.790176136  -0.242854511
  -8.790176136  40.189283382   0.114601016
  -0.242854511   0.114601016  -2.249703569
#   0.25000   0.37500   0.00000
  25.097329820  -8.700060287  -0.348348538
  -8.700060287  38.144247258   0.113492927
  -0.348348538   0.113492927  -1.676702814
#   0.31250   0.37500   0.00000
  31.318619961  -7.455287476  -0.422553851
  -7.455287476  36.295411610   0.097343796
  -0.422553851   0.097343796  -1.165700820
#   0.37500   0.37500   0.00000
  34.802465486  -5.506384085  -0.462807467
  -5.506384085  34.801452799   0.072014791
  -0.462807467   0.072014791  -0.784150050
#   0.43750   0.37500   0.00000
  36.282889339  -3.186102008  -0.479133336
  -3.186102008  33.832492592   0.041834351
  -0.479133336   0.041834351  -0.565347578
#   0.50000   0.37500   0.00000
  36.697487200  -0.701135937  -0.483876499
  -0.701135937  33.543798410   0.009490723
  -0.483876499   0.009490723  -0.517879777
#   0.00000   0.43750   0.00000
  -3.100439204  -0.000001090  -0.000007515
  -0.000001090  42.937784233  -0.000000461
  -0.000007515  -0.000000461  -3.101031878
#   0.06250   0.43750   0.00000
  -0.514333104  -2.011399426  -0.031691655
  -2.011399426  42.552906475   0.026212960
  -0.031691655   0.026212960  -2.949470719
#   0.12500   0.43750   0.00000
   6.375713716  -3.604178850  -0.116391452
  -3.604178850  41.574454893   0.047005512
  -0.116391452   0.047005512  -2.568229605
#   0.18750   0.43750   0.00000
  15.302819104  -4.474889746  -0.225664443
  -4.474889746  40.237037462   0.058413194
  -0.225664443   0.058413194  -2.040218914
#   0.25000   0.43750   0.00000
  23.768968389  -4.589399562  -0.328356333
  -4.589399562  38.784910709   0.059978750
  -0.328356333   0.059978750  -1.470656953
#   0.31250   0.43750   0.00000
  30.089872456  -4.093886429  -0.403814799
  -4.093886429  37.412775967   0.053595157
  -0.403814799   0.053595157  -0.956505001
#   0.37500   0.43750   0.00000
  33.833227071  -3.186125900  -0.447324511
  -3.186125900  36.282217703   0.041829896
  -0.447324511   0.041829896  -0.565709054
#   0.43750   0.43750   0.00000
  35.543767331  -2.035010393  -0.466462614
  -2.035010393  35.543260789   0.026876679
  -0.466462614   0.026876679  -0.332910733
#   0.50000   0.43750   0.00000
  36.025012671  -0.760286418  -0.471855757
  -0.760286418  35.313567390   0.010291413
  -0.471855757   0.010291413  -0.268729316
#   0.00000   0.50000   0.00000
  -3.016005479  -0.000000332  -0.000007330
  -0.000000332  42.418894381   0.000000053
  -0.000007330   0.000000053  -3.016583381
#   0.06250   0.50000   0.00000
  -0.490803187  -0.042003430  -0.031158531
  -0.042003430  42.125753117   0.000565658
  -0.031158531   0.000565658  -2.885040533
#   0.12500   0.50000   0.00000
   6.224747800  -0.155296336  -0.113805560
  -0.155296336  41.320301446   0.002092268
  -0.113805560   0.002092268  -2.520744915
#   0.18750   0.50000   0.00000
  14.983758731  -0.308467994  -0.221035619
  -0.308467994  40.182896361   0.004159100
  -0.221035619   0.004159100  -2.004036197
#   0.25000   0.50000   0.00000
  23.375249458  -0.466212777  -0.322806299
  -0.466212777  38.918469124   0.006292153
  -0.322806299   0.006292153  -1.438450390
#   0.31250   0.50000   0.00000
  29.723290907  -0.601769121  -0.398566689
  -0.601769121  37.706214035   0.008130275
  -0.398566689   0.008130275  -0.920387841
#   0.37500   0.50000   0.00000
  33.543855415  -0.701135948  -0.442935546
  -0.701135948  36.697593735   0.009481915
  -0.442935546   0.009481915  -0.518411286
#   0.43750   0.50000   0.00000
  35.313667987  -0.760286421  -0.462626292
  -0.760286421  36.024954768   0.010288832
  -0.462626292   0.010288832  -0.268849067
#   0.50000   0.50000   0.00000
  35.788128909  -0.779763476  -0.467672120
  -0.779763476  35.788013628   0.010555003
  -0.467672120   0.010555003  -0.184830714
#   0.00000   0.56250   0.00000
  -3.100439204  -0.000001090  -0.000007515
  -0.000001090  42.937784233  -0.000000461
  -0.000007515  -0.000000461  -3.101031878
#   0.06250   0.56250   0.00000
  -0.464306942   1.926703808  -0.032864102
   1.926703808  42.626237904  -0.025073534
  -0.032864102  -0.025073534  -2.989510697
#   0.12500   0.56250   0.00000
   6.476948420   3.292670414  -0.118671204
   3.292670414  41.713315390  -0.042810013
  -0.118671204  -0.042810013  -2.642154755
#   0.18750   0.56250   0.00000
  15.452061098   3.860466050  -0.228862207
   3.860466050  40.425272499  -0.050130280
  -0.228862207  -0.050130280  -2.136691446
#   0.25000   0.56250   0.00000
  23.951840120   3.667432355  -0.332093674
   3.667432355  38.997679342  -0.047536742
  -0.332093674  -0.047536742  -1.574931148
#   0.31250   0.56250   0.00000
  30.278246476   2.911125886  -0.407519618
   2.911125886  37.617972603  -0.037616022
  -0.407519618  -0.037616022  -1.052706380
#   0.37500   0.56250   0.00000
  33.989857229   1.814163629  -0.450321940
   1.814163629  36.445011298  -0.023276219
  -0.450321940  -0.023276219  -0.639250729
#   0.43750   0.56250   0.00000
  35.633002951   0.551164791  -0.468142959
   0.551164791  35.633476651  -0.006796018
  -0.468142959  -0.006796018  -0.372679548
#   0.50000   0.56250   0.00000
  36.025012671  -0.760286418  -0.471855757
  -0.760286418  35.313567390   0.010291413
  -0.471855757   0.010291413  -0.268729316
#   0.00000   0.62500   0.00000
  -3.350807567  -0.000002915  -0.000007843
  -0.000002915  44.402242750  -0.000001702
  -0.000007843  -0.000001702  -3.351426368
#   0.06250   0.62500   0.00000
  -0.425140546   4.094280253  -0.036857642
   4.094280253  43.894147367  -0.053302952
  -0.036857642  -0.053302952  -3.256900408
#   0.12500   0.62500   0.00000
   7.144176158   6.992426871  -0.131032832
   6.992426871  42.448647432  -0.090991300
  -0.131032832  -0.090991300  -2.923924511
#   0.18750   0.62500   0.00000
  16.689188676   8.184489274  -0.248770465
   8.184489274  40.527828117  -0.106440422
  -0.248770465  -0.106440422  -2.427972868
#   0.25000   0.62500   0.00000
  25.432937227   7.811820742  -0.355221237
   7.811820742  38.523667520  -0.101510010
  -0.355221237  -0.101510010  -1.869350314
#   0.31250   0.62500   0.00000
  31.661664829   6.337575591  -0.429329340
   6.337575591  36.658645117  -0.082246061
  -0.429329340  -0.082246061  -1.343398328
#   0.37500   0.62500   0.00000
  35.086079714   4.227653476  -0.468265845
   4.227653476  35.088038795  -0.054723153
  -0.468265845  -0.054723153  -0.919968915
#   0.43750   0.62500   0.00000
  36.443915261   1.814139751  -0.482185107
   1.814139751  33.990774348  -0.023268118
  -0.482185107  -0.023268118  -0.638785450
#   0.50000   0.62500   0.00000
  36.697487200  -0.701135937  -0.483876499
  -0.701135937  33.543798410   0.009490723
  -0.483876499   0.009490723  -0.517879777
#   0.00000   0.68750   0.00000
  -3.752945454  -0.000004722  -0.000007775
  -0.000004722  46.557400372  -0.000002946
  -0.000007775  -0.000002946  -3.753559276
#   0.06250   0.68750   0.00000
  -0.299682731   6.710023227  -0.043880009
   6.710023227  45.486711493  -0.087368319
  -0.043880009  -0.087368319  -3.670425493
#   0.12500   0.68750   0.00000
   8.366515818  11.202269860  -0.152469572
  11.202269860  42.700431209  -0.145814472
  -0.152469572  -0.145814472  -3.347122801
#   0.18750   0.68750   0.00000
  18.770273836  12.736795722  -0.281476090
  12.736795722  39.371111408  -0.165724112
  -0.281476090  -0.165724112  -2.857603268
#   0.25000   0.68750   0.00000
  27.747926318  11.846516229  -0.391001913
  11.846516229  36.291374849  -0.154059629
  -0.391001913  -0.154059629  -2.301106202
#   0.31250   0.68750   0.00000
  33.702626308   9.463181727  -0.461511513
   9.463181727  33.706038720  -0.122968663
  -0.461511513  -0.122968663  -1.772598282
#   0.37500   0.68750   0.00000
  36.655847876   6.337488241  -0.494229178
   6.337488241  31.664071666  -0.082231144
  -0.494229178  -0.082231144  -1.342368624
#   0.43750   0.68750   0.00000
  37.616335929   2.911047511  -0.502851691
   2.911047511  30.279393255  -0.037596691
  -0.502851691  -0.037596691  -1.051299660
#   0.50000   0.68750   0.00000
  37.705857749  -0.601769104  -0.502263273
  -0.601769104  29.723304023   0.008145297
  -0.502263273   0.008145297  -0.919040766
#   0.00000   0.75000   0.00000
  -4.269579344  -0.000005429  -0.000006837
  -0.000005429  49.043200363  -0.000003468
  -0.000006837  -0.000003468  -4.270119356
#   0.06250   0.75000   0.00000
   0.179430502  10.141174507  -0.056904342
  10.141174507  46.702850236  -0.132051334
  -0.056904342  -0.132051334  -4.191005489
#   0.12500   0.75000   0.00000
  10.678274087  16.130828922  -0.189411913
  16.130828922  41.220392095  -0.209996180
  -0.189411913  -0.209996180  -3.871190118
#   0.18750   0.75000   0.00000
  22.116335922  17.330166835  -0.331922647
  17.330166835  35.514735660  -0.225544687
  -0.331922647  -0.225544687  -3.384155831
#   0.25000   0.75000   0.00000
  31.007816871  15.347186834  -0.440340277
  15.347186834  31.011525035  -0.199662516
  -0.440340277  -0.199662516  -2.828645832
#   0.31250   0.75000   0.00000
  36.287501629  11.846366875  -0.502052988
  11.846366875  27.751220819  -0.154035976
  -0.502052988  -0.154035976  -2.299351242
#   0.37500   0.75000   0.00000
  38.520438740   7.811612574  -0.525366238
   7.811612574  25.435271583  -0.101477042
  -0.525366238  -0.101477042  -1.866698761
#   0.43750   0.75000   0.00000
  38.995680532   3.667286377  -0.527631335
   3.667286377  23.952975631  -0.047507153
  -0.527631335  -0.047507153  -1.572078743
#   0.50000   0.75000   0.00000
  38.917810657  -0.466212757  -0.524816677
  -0.466212757  23.375352737   0.006309720
  -0.524816677   0.006309720  -1.435824783
#   0.00000   0.81250   0.00000
  -4.831972776  -0.000004595  -0.000004970
  -0.000004595  51.467926351  -0.000002966
  -0.000004970  -0.000002966  -4.832365445
#   0.06250   0.81250   0.00000
   1.804131992  14.985268102  -0.085338971
  14.985268102  46.414122688  -0.195133217
  -0.085338971  -0.195133217  -4.749135572
#   0.12500   0.81250   0.00000
  15.444812782  21.636841596  -0.258726664
  21.636841596  36.260532858  -0.281698272
  -0.258726664  -0.281698272  -4.425971643
#   0.18750   0.81250   0.00000
  27.650685267  21.084404855  -0.411215323
  21.084404855  27.653389364  -0.274444379
  -0.411215323  -0.274444379  -3.937202167
#   0.25000   0.81250   0.00000
  35.511212251  17.330009787  -0.506206590
  17.330009787  22.119193430  -0.225512255
  -0.506206590  -0.225512255  -3.381577360
#   0.31250   0.81250   0.00000
  39.367389868  12.736514888  -0.549402465
  12.736514888  18.772847115  -0.165676041
  -0.549402465  -0.165676041  -2.853543770
#   0.37500   0.81250   0.00000
  40.524630469   8.184189405  -0.558746594
   8.184189405  16.691045380  -0.106393399
  -0.558746594  -0.106393399  -2.423315778
#   0.43750   0.81250   0.00000
  40.423129483   3.860273628  -0.553552741
   3.860273628  15.453014804  -0.050095991
  -0.553552741  -0.050095991  -2.132063472
#   0.50000   0.81250   0.00000
  40.181924732  -0.308467978  -0.548667720
  -0.308467978  14.983960131   0.004174031
  -0.548667720   0.004174031  -1.999776208
#   0.00000   0.87500   0.00000
  -5.344583955  -0.000002680  -0.000002660
  -0.000002680  53.475638091  -0.000001739
  -0.000002660  -0.000001739  -5.344794117
#   0.06250   0.87500   0.00000
   7.034965263  22.102033090  -0.159988242
  22.102033090  42.001135721  -0.287810739
  -0.159988242  -0.287810739  -5.249458792
#   0.12500   0.87500   0.00000
  25.289865976  25.980238937  -0.393345630
  25.980238937  25.291336617  -0.338266169
  -0.393345630  -0.338266169  -4.916480028
#   0.18750   0.87500   0.00000
  36.258182172  21.636736141  -0.529644883
  21.636736141  15.446393423  -0.281662822
  -0.529644883  -0.281662822  -4.422258895
#   0.25000   0.87500   0.00000
  41.217444956  16.130599421  -0.586840809
  16.130599421  10.679988528  -0.209940203
  -0.586840809  -0.209940203  -3.865578507
#   0.31250   0.87500   0.00000
  42.697312744  11.201958224  -0.599136820
  11.201958224   8.368127052  -0.145755861
  -0.599136820  -0.145755861  -3.340685451
#   0.37500   0.87500   0.00000
  42.445852100   6.992125663  -0.590232331
   6.992125663   7.145406849  -0.090943241
  -0.590232331  -0.090943241  -2.917329642
#   0.43750   0.87500   0.00000
  41.711232707   3.292485048  -0.576925963
   3.292485048   6.477666747  -0.042779996
  -0.576925963  -0.042779996  -2.635806688
#   0.50000   0.87500   0.00000
  41.319053271  -0.155296328  -0.570224079
  -0.155296328   6.225038520   0.002100907
  -0.570224079   0.002100907  -2.514808914
#   0.00000   0.93750   0.00000
  -5.705425586  -0.000000783  -0.000000744
  -0.000000783  54.792650451  -0.000000510
  -0.000000744  -0.000000510  -5.705484349
#   0.06250   0.93750   0.00000
  24.644701082  29.337758705  -0.393789599
  29.337758705  24.645608482  -0.382040955
  -0.393789599  -0.382040955  -5.590249679
#   0.12500   0.93750   0.00000
  41.999433707  22.101993329  -0.615238092
  22.101993329   7.035419123  -0.287785241
  -0.615238092  -0.287785241  -5.243479702
#   0.18750   0.93750   0.00000
  46.412061624  14.985166387  -0.666053377
  14.985166387   1.804699650  -0.195090982
  -0.666053377  -0.195090982  -4.741407493
#   0.25000   0.93750   0.00000
  46.700576292  10.141007545  -0.662398680
  10.141007545   0.180179612  -0.132004244
  -0.662398680  -0.132004244  -4.182813856
#   0.31250   0.93750   0.00000
  45.484378680   6.709818126  -0.639645164
   6.709818126  -0.298874740  -0.087326169
  -0.639645164  -0.087326169  -3.662266961
#   0.37500   0.93750   0.00000
  43.891957723   4.094090674  -0.613413039
   4.094090674  -0.424430419  -0.053272007
  -0.613413039  -0.053272007  -3.249011514
#   0.43750   0.93750   0.00000
  42.624379394   1.926589475  -0.593356218
   1.926589475  -0.463783644  -0.025056620
  -0.593356218  -0.025056620  -2.981981943
#   0.50000   0.93750   0.00000
  42.124313309  -0.042003430  -0.585466788
  -0.042003430  -0.490449691   0.000568018
  -0.585466788   0.000568018  -2.877830406
#   0.00000   0.00000   0.06250
  -5.695166452   0.000000014   0.787806681
   0.000000014  -5.705865253  -0.000000520
   0.787806681  -0.000000520  54.790920793
#   0.06250   0.00000   0.06250
  23.822380888  -0.000000894 -29.394477807
  -0.000000894  -5.555497943   0.000000633
 -29.394477807   0.000000633  25.353933492
#   0.12500   0.00000   0.06250
  41.302767143  -0.000002687 -22.647625365
  -0.000002687  -5.177347087   0.000002407
 -22.647625365   0.000002407   7.513591307
#   0.18750   0.00000   0.06250
  45.857595643  -0.000004301 -15.661818357
  -0.000004301  -4.652993769   0.000004579
 -15.661818357   0.000004579   2.070369614
#   0.25000   0.00000   0.06250
  46.253922860  -0.000004776 -10.839764808
  -0.000004776  -4.086268958   0.000006419
 -10.839764808   0.000006419   0.313020851
#   0.31250   0.00000   0.06250
  45.136936452  -0.000003816  -7.394659489
  -0.000003816  -3.573386183   0.000007028
  -7.394659489   0.000007028  -0.241123908
#   0.37500   0.00000   0.06250
  43.650317489  -0.000001966  -4.756472614
  -0.000001966  -3.182472356   0.000005843
  -4.756472614   0.000005843  -0.402966757
#   0.43750   0.00000   0.06250
  42.499431616  -0.000000299  -2.571243556
  -0.000000299  -2.949025486   0.000002996
  -2.571243556   0.000002996  -0.454764794
#   0.50000   0.00000   0.06250
  42.123586671   0.000000217  -0.596303883
   0.000000217  -2.884578451  -0.000000678
  -0.596303883  -0.000000678  -0.482563587
#   0.00000   0.06250   0.06250
  -5.550057733   0.382869819   0.392466242
   0.382869819  24.583759175  29.400050102
   0.392466242  29.400050102  24.583080050
#   0.06250   0.06250   0.06250
  14.137564160 -19.039563080 -19.287184256
 -19.039563080  14.637040245  19.542054823
 -19.287184256  19.542054823  15.142498992
#   0.12500   0.06250   0.06250
  33.767688455 -18.101255144 -18.598449070
 -18.101255144   5.080080451   9.517359817
 -18.598449070   9.517359817   5.560916713
#   0.18750   0.06250   0.06250
  41.680909825 -13.462164981 -14.053568949
 -13.462164981   1.277520018   5.031554958
 -14.053568949   5.031554958   1.636875070
#   0.25000   0.06250   0.06250
  44.046510016  -9.504416813 -10.117619154
  -9.504416813  -0.023287782   3.038134891
 -10.117619154   3.038134891   0.232262632
#   0.31250   0.06250   0.06250
  43.993023378  -6.431776185  -7.036705050
  -6.431776185  -0.399708382   2.083213199
  -7.036705050   2.083213199  -0.224716941
#   0.37500   0.06250   0.06250
  43.041735120  -3.976658488  -4.563794210
  -3.976658488  -0.472075089   1.603246591
  -4.563794210   1.603246591  -0.361282417
#   0.43750   0.06250   0.06250
  42.131471008  -1.889757908  -2.461824149
  -1.889757908  -0.469760287   1.368715703
  -2.461824149   1.368715703  -0.413362399
#   0.50000   0.06250   0.06250
  41.841381591   0.026864161  -0.540106123
   0.026864161  -0.460300354   1.286581631
  -0.540106123   1.286581631  -0.453772145
#   0.00000   0.12500   0.06250
  -5.175226220   0.289069135   0.157617012
   0.289069135  41.880295836  22.196689363
   0.157617012  22.196689363   6.927533562
#   0.06250   0.12500   0.06250
   4.839734406 -17.984830927  -9.278325426
 -17.984830927  34.241746767  18.459464312
  -9.278325426  18.459464312   5.323236558
#   0.12500   0.12500   0.06250
  21.723166885 -22.811914062 -11.986889876
 -22.811914062  22.028503409  12.030239532
 -11.986889876  12.030239532   2.530422895
#   0.18750   0.12500   0.06250
  33.232516531 -19.999495186 -10.742452147
 -19.999495186  14.047708203   7.531738833
 -10.742452147   7.531738833   0.808023804
#   0.25000   0.12500   0.06250
  39.079371561 -15.399590154  -8.488880755
 -15.399590154   9.921755690   4.980743047
  -8.488880755   4.980743047   0.072966123
#   0.31250   0.12500   0.06250
  41.285671211 -10.935658400  -6.223949147
 -10.935658400   7.860016716   3.591245596
  -6.223949147   3.591245596  -0.165059963
#   0.37500   0.12500   0.06250
  41.555169165  -6.962695128  -4.156520896
  -6.962695128   6.781023503   2.842408606
  -4.156520896   2.842408606  -0.223554930
#   0.43750   0.12500   0.06250
  41.189809529  -3.392777404  -2.269307768
  -3.392777404   6.230137313   2.463662333
  -2.269307768   2.463662333  -0.248787343
#   0.50000   0.12500   0.06250
  41.060505608  -0.033784608  -0.486426043
  -0.033784608   6.078211166   2.331176343
  -0.486426043   2.331176343  -0.289448383
#   0.00000   0.18750   0.06250
  -4.652193133   0.196447426   0.082305484
   0.196447426  46.251129260  15.084175083
   0.082305484  15.084175083   1.668951037
#   0.06250   0.18750   0.06250
   1.151452664 -13.349339306  -4.854537175
 -13.349339306  42.033626052  13.701581001
  -4.854537175  13.701581001   1.404551595
#   0.12500   0.18750   0.06250
  13.858166153 -19.959931757  -7.444655653
 -19.959931757  33.501571058  10.576846281
  -7.444655653  10.576846281   0.725755336
#   0.18750   0.18750   0.06250
  25.796189610 -20.047272597  -7.714103217
 -20.047272597  25.988739305   7.639640337
  -7.714103217   7.639640337   0.207014223
#   0.25000   0.18750   0.06250
  33.853864811 -16.897949752  -6.737299270
 -16.897949752  20.990724461   5.566225415
  -6.737299270   5.566225415  -0.010649403
#   0.31250   0.18750   0.06250
  38.078176411 -12.707934297  -5.270782783
 -12.707934297  17.918859704   4.265045711
  -5.270782783   4.265045711  -0.038131015
#   0.37500   0.18750   0.06250
  39.631514115  -8.398341854  -3.663248964
  -8.398341854  16.033150310   3.500200908
  -3.663248964   3.500200908  -0.005956953
#   0.43750   0.18750   0.06250
  39.895396180  -4.222876523  -2.044132966
  -4.222876523  14.974125160   3.095081033
  -2.044132966   3.095081033   0.008932177
#   0.50000   0.18750   0.06250
  39.953191211  -0.160134674  -0.444536729
  -0.160134674  14.665675272   2.953456520
  -0.444536729   2.953456520  -0.022430019
#   0.00000   0.25000   0.06250
  -4.086144954   0.133319256   0.053683935
   0.133319256  46.521772710  10.236500165
   0.053683935  10.236500165   0.037909372
#   0.06250   0.25000   0.06250
  -0.099319417  -9.418237553  -2.913357447
  -9.418237553  44.295861969   9.666675827
  -2.913357447   9.666675827   0.052673961
#   0.12500   0.25000   0.06250
   9.796872628 -15.358151747  -4.909502351
 -15.358151747  39.287620549   8.178480037
  -4.909502351   8.178480037  -0.014650069
#   0.18750   0.25000   0.06250
  20.851207040 -16.885743472  -5.619781768
 -16.885743472  34.017942165   6.514392966
  -5.619781768   6.514392966  -0.037169382
#   0.25000   0.25000   0.06250
  29.669723329 -15.308245913  -5.326789905
 -15.308245913  29.798147781   5.138890561
  -5.326789905   5.138890561   0.030297642
#   0.31250   0.25000   0.06250
  35.116323406 -12.137675583  -4.423847129
 -12.137675583  26.739316783   4.165242830
  -4.423847129   4.165242830   0.148844932
#   0.37500   0.25000   0.06250
  37.655505249  -8.333384735  -3.201491763
  -8.333384735  24.617834289   3.544385812
  -3.201491763   3.544385812   0.257792687
#   0.43750   0.25000   0.06250
  38.481752466  -4.343582239  -1.835149629
  -4.343582239  23.342836651   3.201126349
  -1.835149629   3.201126349   0.313796682
#   0.50000   0.25000   0.06250
  38.716577092  -0.319580835  -0.421134683
  -0.319580835  22.964061658   3.083430159
  -0.421134683   3.083430159   0.297770117
#   0.00000   0.31250   0.06250
  -3.573594239   0.088575399   0.040957433
   0.088575399  45.315608527   6.800497824
   0.040957433   6.800497824  -0.426500904
#   0.06250   0.31250   0.06250
  -0.452095839  -6.373886913  -1.998772044
  -6.373886913  44.162191132   6.541956594
  -1.998772044   6.541956594  -0.347828979
#   0.12500   0.31250   0.06250
   7.769876291 -10.906849964  -3.554070990
 -10.906849964  41.434012781   5.824626595
  -3.554070990   5.824626595  -0.228175259
#   0.18750   0.31250   0.06250
  17.812091214 -12.699411960  -4.333422853
 -12.699411960  38.202228570   4.938663629
  -4.333422853   4.938663629  -0.058535548
#   0.25000   0.31250   0.06250
  26.635555402 -12.138321530  -4.353007269
 -12.138321530  35.218851262   4.125818516
  -4.353007269   4.125818516   0.148690422
#   0.31250   0.31250   0.06250
  32.662745555 -10.052152693  -3.787550268
 -10.052152693  32.749239544   3.497298402
  -3.787550268   3.497298402   0.356603173
#   0.37500   0.31250   0.06250
  35.859408259  -7.154276810  -2.838273184
  -7.154276810  30.866349503   3.071184520
  -2.838273184   3.071184520   0.522586678
#   0.43750   0.31250   0.06250
  37.139505241  -3.887921545  -1.674065469
  -3.887921545  29.678067434   2.829999776
  -1.674065469   2.829999776   0.614868537
#   0.50000   0.31250   0.06250
  37.525451381  -0.481830527  -0.419214320
  -0.481830527  29.323492110   2.753748636
  -0.419214320   2.753748636   0.617680532
#   0.00000   0.37500   0.06250
  -3.182749501   0.054464670   0.034652110
   0.054464670  43.760851443   4.180978454
   0.034652110   4.180978454  -0.519849950
#   0.06250   0.37500   0.06250
  -0.512722869  -3.944963565  -1.550927223
  -3.944963565  43.146879014   4.048961340
  -1.550927223   4.048961340  -0.431964504
#   0.12500   0.37500   0.06250
   6.709284048  -6.951754377  -2.843209948
  -6.951754377  41.649534531   3.702252538
  -2.843209948   3.702252538  -0.251276099
#   0.18750   0.37500   0.06250
  15.945153909  -8.401779186  -3.599399437
  -8.401779186  39.713025995   3.256065238
  -3.599399437   3.256065238  -0.003120116
#   0.25000   0.37500   0.06250
  24.529182311  -8.342959381  -3.752391948
  -8.342959381  37.725160697   2.823003074
  -3.752391948   2.823003074   0.274623442
#   0.31250   0.37500   0.06250
  30.790033515  -7.162163668  -3.372255749
  -7.162163668  35.919995195   2.471463377
  -3.372255749   2.471463377   0.537415977
#   0.37500   0.37500   0.06250
  34.405497516  -5.286795058  -2.596573763
  -5.286795058  34.460412521   2.227295859
  -2.596573763   2.227295859   0.744618166
#   0.43750   0.37500   0.06250
  36.029415338  -3.039511288  -1.574701597
  -3.039511288  33.514187587   2.092903596
  -1.574701597   2.092903596   0.867471075
#   0.50000   0.37500   0.06250
  36.529634003  -0.625738781  -0.438179119
  -0.625738781  33.230191363   2.062569615
  -0.438179119   2.062569615   0.891118210
#   0.00000   0.43750   0.06250
  -2.949183446   0.026211248   0.031677360
   0.026211248  42.553294413   2.011285706
   0.031677360   2.011285706  -0.514923693
#   0.06250   0.43750   0.06250
  -0.504843860  -1.882495707  -1.343634419
  -1.882495707  42.182222547   1.932146140
  -1.343634419   1.932146140  -0.435089958
#   0.12500   0.43750   0.06250
   6.167230966  -3.401894390  -2.503564286
  -3.401894390  41.235354207   1.774006205
  -2.503564286   1.774006205  -0.236485512
#   0.18750   0.43750   0.06250
  14.895340472  -4.242751831  -3.234214892
  -4.242751831  39.934997186   1.580218893
  -3.234214892   1.580218893   0.044378892
#   0.25000   0.43750   0.06250
  23.261635881  -4.367215512  -3.443364953
  -4.367215512  38.516001319   1.395447071
  -3.443364953   1.395447071   0.358348694
#   0.31250   0.43750   0.06250
  29.606578784  -3.908568591  -3.156577652
  -3.908568591  37.169851064   1.249950236
  -3.156577652   1.249950236   0.654735593
#   0.37500   0.43750   0.06250
  33.461602910  -3.051722983  -2.477188690
  -3.051722983  36.057636259   1.157267734
  -2.477188690   1.157267734   0.891363441
#   0.43750   0.43750   0.06250
  35.300298073  -1.956881186  -1.539395173
  -1.956881186  35.328132347   1.119475552
  -1.539395173   1.119475552   1.039772517
#   0.50000   0.43750   0.06250
  35.861018656  -0.739294185  -0.474543534
  -0.739294185  35.097334527   1.132803073
  -0.474543534   1.132803073   1.084984671
#   0.00000   0.50000   0.06250
  -2.884526911   0.000566081   0.031146702
   0.000566081  42.125791276   0.041996242
   0.031146702   0.041996242  -0.491316676
#   0.06250   0.50000   0.06250
  -0.493806014   0.010017914  -1.286466439
   0.010017914  41.842195117  -0.010202671
  -1.286466439  -0.010202671  -0.427169317
#   0.12500   0.50000   0.06250
   6.017512117  -0.064751342  -2.412769788
  -0.064751342  41.060098522  -0.050488737
  -2.412769788  -0.050488737  -0.233338228
#   0.18750   0.50000   0.06250
  14.588837159  -0.199503986  -3.141336824
  -0.199503986  39.951933353  -0.072596028
  -3.141336824  -0.072596028   0.052090059
#   0.25000   0.50000   0.06250
  22.883945161  -0.360677751  -3.372849223
  -0.360677751  38.714966873  -0.073499699
  -3.372849223  -0.073499699   0.377279980
#   0.31250   0.50000   0.06250
  29.252086721  -0.518397890  -3.119583435
  -0.518397890  37.524028131  -0.053586023
  -3.119583435  -0.053586023   0.689333261
#   0.37500   0.50000   0.06250
  33.176910565  -0.652830689  -2.473882473
  -0.652830689  36.528893861  -0.016275275
  -2.473882473  -0.016275275   0.944622146
#   0.43750   0.50000   0.06250
  35.068375390  -0.753636305  -1.564613472
  -0.753636305  35.861345390   0.032657183
  -1.564613472   0.032657183   1.113456249
#   0.50000   0.50000   0.06250
  35.619723078  -0.815911532  -0.522681500
  -0.815911532  35.621338756   0.085955052
  -0.522681500   0.085955052   1.179197133
#   0.00000   0.56250   0.06250
  -2.988748605  -0.025071806   0.032854464
  -0.025071806  42.625875365  -1.926606263
   0.032854464  -1.926606263  -0.464711114
#   0.06250   0.56250   0.06250
  -0.490284011   1.899999957  -1.354847610
   1.899999957  42.319969218  -1.949965663
  -1.354847610  -1.949965663  -0.420091893
#   0.12500   0.56250   0.06250
   6.241388861   3.268010900  -2.535365901
   3.268010900  41.425768812  -1.870911109
  -2.535365901  -1.870911109  -0.249139158
#   0.18750   0.56250   0.06250
  15.025955690   3.841576084  -3.289615161
   3.841576084  40.162197267  -1.720503691
  -3.289615161  -1.720503691   0.015802732
#   0.25000   0.56250   0.06250
  23.431135165   3.651305829  -3.520258374
   3.651305829  38.759252105  -1.537638906
  -3.520258374  -1.537638906   0.328023257
#   0.31250   0.56250   0.06250
  29.782904660   2.888427200  -3.249411310
   2.888427200  37.402235632  -1.353450265
  -3.249411310  -1.353450265   0.637115448
#   0.37500   0.56250   0.06250
  33.604958947   1.774245640  -2.579062662
   1.774245640  36.248056147  -1.188145896
  -2.579062662  -1.188145896   0.898957210
#   0.43750   0.56250   0.06250
  35.374614833   0.486836724  -1.643669702
   0.486836724  35.447611921  -1.054990328
  -1.643669702  -1.054990328   1.081254184
#   0.50000   0.56250   0.06250
  35.845662219  -0.850376697  -0.575551275
  -0.850376697  35.127527052  -0.964308021
  -0.575551275  -0.964308021   1.163921814
#   0.00000   0.62500   0.06250
  -3.255953858  -0.053300893   0.036849520
  -0.053300893  43.893491423  -4.094118804
   0.036849520  -4.094118804  -0.425427394
#   0.06250   0.62500   0.06250
  -0.483410941   3.955048146  -1.572210936
   3.955048146  43.399500717  -4.059196929
  -1.572210936  -4.059196929  -0.401769641
#   0.12500   0.62500   0.06250
   6.850785132   6.805357285  -2.903198446
   6.805357285  41.998625579  -3.787354150
  -2.903198446  -3.787354150  -0.271790943
#   0.18750   0.62500   0.06250
  16.190474325   7.995790930  -3.703206965
   7.995790930  40.128374307  -3.382124368
  -3.703206965  -3.382124368  -0.053197943
#   0.25000   0.62500   0.06250
  24.843281112   7.646070008  -3.895668373
   7.646070008  38.168402247  -2.951244124
  -3.895668373  -2.951244124   0.220865486
#   0.31250   0.62500   0.06250
  31.113223707   6.194800443  -3.544622737
   6.194800443  36.342915705  -2.564381102
  -3.544622737  -2.564381102   0.506659706
#   0.37500   0.62500   0.06250
  34.666314299   4.095996705  -2.785444965
   4.095996705  34.808551554  -2.253609812
  -2.785444965  -2.253609812   0.760124535
#   0.43750   0.62500   0.06250
  36.164492222   1.682409678  -1.768014682
   1.682409678  33.737415604  -2.031471149
  -1.768014682  -2.031471149   0.945450613
#   0.50000   0.62500   0.06250
  36.503396895  -0.836655232  -0.625563569
  -0.836655232  33.296785119  -1.905077677
  -0.625563569  -1.905077677   1.038276248
#   0.00000   0.68750   0.06250
  -3.669431192  -0.087366600   0.043872954
  -0.087366600  45.485973376  -6.709858353
   0.043872954  -6.709858353  -0.299862010
#   0.06250   0.68750   0.06250
  -0.408496531   6.372385909  -2.028291153
   6.372385909  44.488372456  -6.540336449
  -2.028291153  -6.540336449  -0.302902000
#   0.12500   0.68750   0.06250
   7.965177090  10.742553762  -3.636056065
  10.742553762  41.884419354  -5.891564642
  -3.636056065  -5.891564642  -0.248574348
#   0.18750   0.68750   0.06250
  18.142468427  12.292376086  -4.473153090
  12.292376086  38.735855380  -5.042731867
  -4.473153090  -5.042731867  -0.118000508
#   0.25000   0.68750   0.06250
  27.049397290  11.482872353  -4.543498402
  11.482872353  35.785636290  -4.232418288
  -4.543498402  -4.232418288   0.083286762
#   0.31250   0.68750   0.06250
