Lx          =   16
Ly          =   16
Lz          =   16
mass_dipo   =     0.004042
a0          =     3.940000
kappa_short =     7.546000
P_alpha     =   110.400000
P_gamma     =  -163.100000
B11         =   126.000000
B12         =    44.900000
B44         =    50.300000
B1xx        =  -211.000000
B1yy        =   -19.300000
B4yz        =    -7.750000
Z_star      =     9.956000
epsilon_inf =     5.240000
